date; number_of_different_packages; number_of_different_id; size; processing_time; windows; linux; mac 
2012-10-01;  26;  8;  13;  0.03125;  0;  6;  1
2012-10-02;  46;  10;  6;  0.015625;  2;  6;  1
2012-10-03;  68;  14;  6;  0.015625;  3;  6;  5
2012-10-04;  120;  9;  12;  0.03125;  3;  5;  1
2012-10-05;  336;  12;  123;  0.28125;  4;  6;  2
2012-10-06;  2692;  5;  585;  2.796875;  0;  5;  0
2012-10-07;  2692;  7;  2;  0.015625;  0;  4;  2
2012-10-08;  2692;  11;  7;  0.03125;  2;  7;  1
2012-10-09;  2693;  27;  18;  0.09375;  12;  10;  3
2012-10-10;  4022;  19;  340;  2.578125;  1;  15;  1
2012-10-11;  4022;  7;  2;  0.015625;  0;  4;  2
2012-10-12;  4022;  13;  16;  0.125;  3;  5;  4
2012-10-13;  4022;  11;  7;  0.046875;  2;  7;  1
2012-10-14;  4023;  29;  17;  0.125;  9;  7;  4
2012-10-15;  4023;  13;  16;  0.125;  3;  5;  4
2012-10-16;  4024;  9;  12;  0.078125;  3;  4;  1
2012-10-17;  4024;  9;  8;  0.0625;  4;  2;  3
2012-10-18;  4026;  16;  7;  0.046875;  4;  5;  7
2012-10-19;  4026;  15;  11;  0.078125;  5;  8;  0
2012-10-20;  4319;  19;  804;  8.84375;  7;  3;  6
2012-10-21;  4472;  34;  1777;  20.46875;  13;  15;  2
2012-10-22;  4472;  20;  10;  0.078125;  4;  12;  4
2012-10-23;  4473;  13;  4;  0.0625;  3;  6;  2
2012-10-24;  4473;  7;  2;  0.03125;  1;  5;  1
2012-10-25;  4473;  20;  115;  0.734375;  2;  11;  6
2012-10-26;  4473;  18;  389;  2.4375;  6;  6;  6
2012-10-27;  4474;  24;  383;  2.46875;  6;  12;  6
2012-10-28;  4474;  15;  289;  1.796875;  2;  10;  2
2012-10-29;  4474;  29;  20;  0.15625;  4;  10;  14
2012-10-30;  4474;  9;  5;  0.046875;  2;  4;  3
2012-10-31;  4474;  19;  26;  0.1875;  7;  7;  5
2012-11-01;  4499;  20;  247;  1.671875;  6;  9;  5
2012-11-02;  4499;  32;  34;  0.25;  13;  10;  7
2012-11-03;  4499;  271;  253;  1.765625;  205;  29;  26
2012-11-04;  4510;  630;  1777;  14.6875;  444;  72;  90
2012-11-05;  4511;  651;  742;  5.71875;  479;  41;  111
2012-11-06;  4516;  487;  1255;  11;  263;  150;  53
2012-11-07;  4516;  526;  1669;  14.125;  336;  99;  71
2012-11-08;  4516;  986;  1666;  13.84375;  721;  138;  93
2012-11-09;  4518;  1121;  1157;  8.40625;  697;  257;  144
2012-11-10;  4521;  1143;  1058;  8.09375;  804;  151;  150
2012-11-11;  4524;  1240;  1206;  9.171875;  828;  204;  173
2012-11-12;  4527;  1189;  1222;  9.234375;  795;  160;  191
2012-11-13;  4531;  614;  677;  5.1875;  418;  70;  95
2012-11-14;  4540;  684;  966;  8.203125;  469;  98;  85
2012-11-15;  4542;  1269;  1845;  15.6875;  940;  146;  142
2012-11-16;  4543;  1378;  1501;  11.625;  967;  232;  140
2012-11-17;  4544;  1456;  1917;  16.40625;  998;  240;  186
2012-11-18;  4547;  1439;  2602;  22.6875;  1131;  132;  132
2012-11-19;  4551;  1296;  1592;  12.85938;  898;  178;  174
2012-11-20;  4551;  726;  682;  5.03125;  433;  156;  105
2012-11-21;  4551;  792;  614;  4.390625;  505;  116;  145
2012-11-22;  4566;  1503;  2332;  20.01562;  1159;  206;  98
2012-11-23;  4566;  1598;  1788;  14.9375;  1204;  166;  182
2012-11-24;  4569;  1633;  1940;  15.54688;  1174;  198;  175
2012-11-25;  4575;  1288;  2638;  24.20312;  1070;  111;  53
2012-11-26;  4575;  1236;  1389;  11.54688;  846;  110;  228
2012-11-27;  4576;  820;  1210;  9.984375;  554;  133;  103
2012-11-28;  4579;  933;  1858;  15.625;  731;  72;  97
2012-11-29;  4581;  1698;  2025;  16.5;  1279;  189;  181
2012-11-30;  4581;  1914;  1422;  10.5625;  1326;  270;  271
2012-12-01;  4589;  1811;  2514;  20.89062;  1405;  217;  149
2012-12-02;  4592;  1840;  2996;  25.54688;  1400;  172;  224
2012-12-03;  4601;  1789;  2911;  24.23438;  1231;  258;  255
2012-12-04;  4603;  1029;  1637;  13.45312;  630;  177;  180
2012-12-05;  4609;  1133;  1495;  13.29688;  834;  118;  134
2012-12-06;  4609;  1935;  1547;  11.625;  1297;  255;  338
2012-12-07;  4609;  2060;  3093;  26.95312;  1435;  318;  216
2012-12-08;  4612;  2089;  1575;  12.28125;  1447;  245;  351
2012-12-09;  4627;  2031;  2203;  18.90625;  1457;  258;  257
2012-12-10;  4627;  1832;  1804;  14.28125;  1292;  242;  252
2012-12-11;  4628;  1049;  2194;  19.78125;  803;  100;  102
2012-12-12;  4633;  1161;  2047;  17.89062;  686;  224;  212
2012-12-13;  4633;  1978;  2666;  23.125;  1454;  308;  165
2012-12-14;  4635;  2001;  2465;  21.01562;  1288;  401;  260
2012-12-15;  4638;  2007;  2776;  23.82812;  972;  448;  522
2012-12-16;  4640;  2044;  2236;  19.3125;  1434;  350;  207
2012-12-17;  4650;  1777;  3339;  30.34375;  1496;  75;  162
2012-12-18;  4653;  981;  1729;  15.17188;  671;  109;  152
2012-12-19;  4653;  1121;  1601;  13.70312;  668;  242;  169
2012-12-20;  4655;  1884;  2179;  18.73438;  1219;  418;  207
2012-12-21;  4656;  1911;  1917;  16.21875;  1248;  432;  168
2012-12-22;  4658;  1938;  2372;  20.95312;  1177;  378;  312
2012-12-23;  4666;  1777;  2246;  20.4375;  1256;  277;  198
2012-12-24;  4719;  1363;  2224;  21.29688;  743;  146;  431
2012-12-25;  4768;  767;  1757;  17.48438;  384;  46;  293
2012-12-26;  4812;  781;  1532;  14.71875;  532;  126;  90
2012-12-27;  4814;  848;  1297;  13.21875;  555;  147;  105
2012-12-28;  4822;  702;  1262;  12.34375;  525;  59;  83
2012-12-29;  4822;  991;  2042;  20.875;  788;  73;  72
2012-12-30;  4825;  1075;  1911;  18.89062;  612;  318;  110
2012-12-31;  4825;  1040;  936;  7.375;  638;  183;  183
2013-01-01;  4832;  730;  920;  8.171875;  472;  121;  101
2013-01-02;  4834;  1371;  2459;  21.9375;  888;  234;  213
2013-01-03;  4835;  1662;  1801;  16.29688;  1190;  239;  189
2013-01-04;  4836;  1669;  1795;  16.25;  1166;  187;  271
2013-01-05;  4840;  1172;  2281;  20.875;  669;  113;  315
2013-01-06;  4840;  1138;  961;  7.796875;  675;  149;  259
2013-01-07;  4845;  2189;  2223;  19.71875;  1592;  236;  288
2013-01-08;  4848;  2408;  3262;  29.60938;  1559;  176;  622
2013-01-09;  4851;  2545;  3405;  32.3125;  1762;  381;  342
2013-01-10;  4855;  2492;  3130;  28.98438;  1731;  308;  392
2013-01-11;  4857;  2307;  4555;  44.45312;  1871;  126;  249
2013-01-12;  4862;  1343;  1566;  14.26562;  754;  188;  357
2013-01-13;  4864;  1399;  2157;  19.70312;  966;  169;  211
2013-01-14;  4866;  2732;  2556;  21.75;  1984;  310;  379
2013-01-15;  4870;  2931;  3400;  29.5;  1757;  713;  400
2013-01-16;  4871;  2968;  3460;  29.70312;  2003;  585;  321
2013-01-17;  4878;  2953;  3372;  30.95312;  2029;  439;  416
2013-01-18;  4880;  2897;  4287;  38.875;  2061;  388;  388
2013-01-19;  4880;  1709;  1869;  16.95312;  1005;  255;  396
2013-01-20;  4884;  1894;  2628;  25.60938;  1357;  206;  288
2013-01-21;  4884;  3153;  3456;  31.21875;  2191;  477;  442
2013-01-22;  4885;  3959;  4696;  43.9375;  2850;  495;  571
2013-01-23;  4885;  4335;  3213;  29.14062;  3015;  519;  745
2013-01-24;  4887;  4013;  4442;  41.98438;  2907;  365;  672
2013-01-25;  4892;  3578;  4919;  49.65625;  2424;  359;  726
2013-01-26;  4893;  2026;  1771;  16.65625;  1185;  289;  503
2013-01-27;  4898;  2088;  1754;  14.59375;  1270;  252;  506
2013-01-28;  4900;  3903;  3635;  33.875;  2644;  512;  681
2013-01-29;  4902;  4306;  5425;  50.48438;  3089;  528;  622
2013-01-30;  4905;  4197;  4117;  39.64062;  2760;  670;  706
2013-01-31;  4908;  4008;  4480;  41.34375;  3124;  339;  486
2013-02-01;  4914;  3674;  3509;  32.28125;  2668;  395;  552
2013-02-02;  4919;  2277;  1608;  13.96875;  1476;  278;  478
2013-02-03;  4925;  2592;  3102;  28.76562;  1704;  376;  479
2013-02-04;  4927;  4091;  3308;  29.70312;  2662;  644;  731
2013-02-05;  4927;  4460;  4699;  44.28125;  3219;  577;  610
2013-02-06;  4931;  4498;  3615;  33.85938;  3147;  433;  851
2013-02-07;  4931;  4307;  3689;  35.48438;  3076;  462;  680
2013-02-08;  4938;  4106;  2875;  25.79688;  2559;  709;  751
2013-02-09;  4945;  2740;  2388;  22.76562;  1783;  284;  586
2013-02-10;  4951;  3529;  3624;  35.25;  2356;  569;  492
2013-02-11;  4951;  4734;  5189;  50.45312;  3457;  523;  680
2013-02-12;  4957;  4626;  4085;  38.75;  2641;  1001;  915
2013-02-13;  4957;  4281;  4127;  38.71875;  2813;  635;  758
2013-02-14;  4958;  4202;  4085;  38.5;  2970;  531;  624
2013-02-15;  4961;  3697;  4304;  41.78125;  2582;  270;  782
2013-02-16;  4965;  2543;  3173;  32.01562;  1935;  229;  311
2013-02-17;  4969;  2801;  3226;  32.54688;  1200;  167;  1381
2013-02-18;  4972;  4400;  4802;  47.1875;  2376;  983;  959
2013-02-19;  4973;  4600;  5156;  50.98438;  2963;  656;  919
2013-02-20;  4979;  4363;  4335;  42.21875;  2811;  622;  874
2013-02-21;  4979;  4544;  4531;  42.9375;  3327;  378;  783
2013-02-22;  4981;  4084;  3673;  34.21875;  2925;  432;  658
2013-02-23;  4986;  2791;  2464;  23.4375;  1897;  311;  525
2013-02-24;  4988;  3167;  2797;  26.64062;  1738;  259;  1119
2013-02-25;  4988;  4735;  4847;  54.57812;  3467;  531;  677
2013-02-26;  4996;  5059;  5890;  58.21875;  3481;  538;  972
2013-02-27;  5000;  4806;  3806;  36.79688;  3041;  788;  902
2013-02-28;  5001;  4732;  4674;  49.21875;  3291;  515;  858
2013-03-01;  5005;  4368;  4717;  48.64062;  3407;  335;  549
2013-03-02;  5010;  2923;  2725;  27.42188;  1881;  514;  465
2013-03-03;  5015;  3370;  2802;  27.46875;  1691;  371;  1253
2013-03-04;  5016;  5229;  6064;  1.026042;  3421;  357;  1375
2013-03-05;  5019;  5318;  4480;  42.40625;  3509;  801;  949
2013-03-06;  5025;  5324;  5755;  57.20312;  3806;  809;  647
2013-03-07;  5031;  5423;  5415;  53.92188;  4118;  488;  741
2013-03-08;  5031;  4981;  4755;  46.65625;  3591;  517;  792
2013-03-09;  5037;  3232;  3366;  32.48438;  2198;  332;  623
2013-03-10;  5038;  3610;  2919;  27.75;  2173;  517;  836
2013-03-11;  5042;  5503;  6826;  1.177865;  3840;  915;  673
2013-03-12;  5049;  5032;  11313;  1.897917;  3697;  671;  598
2013-03-13;  5050;  4676;  4331;  42.67188;  3596;  471;  538
2013-03-14;  5051;  4573;  4110;  37.53125;  3051;  580;  850
2013-03-15;  5056;  4126;  7721;  1.307031;  3153;  465;  397
2013-03-16;  5056;  2230;  2974;  28.34375;  1671;  187;  287
2013-03-17;  5058;  2399;  3445;  33.07812;  1992;  161;  195
2013-03-18;  5061;  4516;  5686;  53.26562;  3224;  609;  602
2013-03-19;  5065;  4689;  5203;  54.65625;  3049;  718;  836
2013-03-20;  5066;  4744;  5302;  58.84375;  3492;  528;  629
2013-03-21;  5070;  4703;  3973;  45.04688;  3453;  572;  568
2013-03-22;  5077;  4300;  4700;  56.65625;  3145;  556;  500
2013-03-23;  5080;  2130;  2631;  31.34375;  1504;  313;  232
2013-03-24;  5085;  2389;  2235;  24.79688;  1484;  319;  516
2013-03-25;  5090;  4753;  4439;  52.21875;  3238;  623;  801
2013-03-26;  5095;  4578;  3480;  40.48438;  3154;  692;  636
2013-03-27;  5099;  4376;  4230;  49.35938;  3105;  599;  580
2013-03-28;  5107;  4001;  3468;  39.76562;  2760;  548;  600
2013-03-29;  5107;  3060;  2597;  26.6875;  1853;  502;  616
2013-03-30;  5111;  1979;  1565;  15.9375;  1332;  255;  319
2013-03-31;  5114;  2065;  2387;  26.14062;  1495;  155;  337
2013-04-01;  5114;  3548;  2908;  30.60938;  2307;  572;  596
2013-04-02;  5117;  4610;  5878;  1.116927;  3270;  770;  469
2013-04-03;  5117;  5119;  5812;  1.066927;  3567;  739;  745
2013-04-04;  5128;  5008;  9234;  1.708073;  3653;  413;  860
2013-04-05;  5130;  4368;  6600;  1.225;  3204;  421;  663
2013-04-06;  5134;  2532;  6373;  1.258594;  1744;  169;  554
2013-04-07;  5138;  2731;  5262;  59.92188;  2108;  129;  412
2013-04-08;  5140;  5139;  5361;  56.125;  3460;  448;  1128
2013-04-09;  5140;  5385;  6234;  1.152865;  4062;  490;  756
2013-04-10;  5147;  5183;  5642;  59.70312;  3881;  462;  748
2013-04-11;  5153;  5191;  5685;  1.045052;  3708;  586;  812
2013-04-12;  5155;  4659;  5658;  1.008073;  3484;  477;  593
2013-04-13;  5156;  2496;  2668;  28.8125;  1679;  252;  482
2013-04-14;  5157;  2778;  2971;  33;  1840;  318;  556
2013-04-15;  5160;  5329;  6609;  1.300521;  4041;  558;  623
2013-04-16;  5161;  5358;  5115;  56.28125;  3978;  527;  773
2013-04-17;  5170;  5651;  6221;  1.148698;  4400;  454;  712
2013-04-18;  5173;  5523;  5188;  55.96875;  3777;  613;  1037
2013-04-19;  5179;  4777;  6018;  1.165625;  3314;  590;  776
2013-04-20;  5179;  2548;  3282;  39.34375;  1418;  333;  730
2013-04-21;  5183;  2845;  2580;  28.64062;  1884;  261;  635
2013-04-22;  5183;  5485;  5006;  56.46875;  3870;  594;  933
2013-04-23;  5187;  5713;  5482;  1.048177;  4132;  540;  913
2013-04-24;  5192;  5532;  5159;  56.78125;  3903;  651;  856
2013-04-25;  5193;  5476;  7203;  1.40026;  3542;  1031;  795
2013-04-26;  5195;  4828;  5380;  59.76562;  3544;  509;  663
2013-04-27;  5197;  2841;  3002;  32.54688;  2119;  242;  374
2013-04-28;  5204;  2907;  4395;  48.32812;  2106;  240;  479
2013-04-29;  5205;  5233;  4892;  52;  3384;  719;  1030
2013-04-30;  5207;  5101;  4203;  47.5;  3525;  682;  807
2013-05-01;  5210;  4492;  3590;  39.26562;  2937;  496;  995
2013-05-02;  5212;  5124;  5595;  1.079948;  3726;  573;  757
2013-05-03;  5212;  4600;  3760;  41.03125;  3251;  609;  655
2013-05-04;  5219;  2460;  2891;  33.125;  1722;  297;  379
2013-05-05;  5221;  2643;  3298;  35.75;  1922;  394;  256
2013-05-06;  5221;  5129;  5792;  1.070833;  3563;  959;  537
2013-05-07;  5221;  5370;  4574;  50.34375;  3573;  972;  736
2013-05-08;  5228;  4845;  4137;  44.96875;  2836;  1256;  653
2013-05-09;  5229;  4733;  5300;  1.005208;  3028;  1064;  558
2013-05-10;  5233;  4371;  3550;  35.89062;  2847;  846;  605
2013-05-11;  5237;  2426;  3607;  41.70312;  1055;  1097;  200
2013-05-12;  5238;  2572;  2050;  22.23438;  1634;  409;  456
2013-05-13;  5240;  5386;  5132;  57.57812;  3728;  833;  724
2013-05-14;  5241;  5264;  4874;  56.3125;  3364;  916;  905
2013-05-15;  5245;  5313;  5140;  1.045313;  3603;  971;  660
2013-05-16;  5247;  5237;  5459;  1.060156;  3750;  804;  578
2013-05-17;  5250;  4557;  3538;  36.98438;  3074;  775;  591
2013-05-18;  5259;  2255;  2983;  35.15625;  1511;  405;  258
2013-05-19;  5262;  2489;  3554;  38.82812;  1550;  366;  487
2013-05-20;  5262;  4731;  5729;  1.045313;  3486;  673;  473
2013-05-21;  5266;  5341;  5215;  59.21875;  3951;  749;  556
2013-05-22;  5267;  5388;  6699;  1.251823;  4308;  576;  430
2013-05-23;  5278;  5312;  6690;  1.245313;  3848;  655;  722
2013-05-24;  5278;  6804;  9271;  1.805469;  5106;  822;  750
2013-05-25;  5279;  2217;  2924;  33.03125;  1585;  304;  248
2013-05-26;  5285;  2513;  2340;  25.64062;  1501;  476;  452
2013-05-27;  5289;  4321;  4936;  58.04688;  3052;  576;  609
2013-05-28;  5289;  5283;  7017;  1.459375;  4005;  683;  494
2013-05-29;  5292;  5750;  7500;  1.530208;  4416;  656;  573
2013-05-30;  5298;  4994;  5958;  1.225521;  3796;  547;  565
2013-05-31;  5306;  4395;  5208;  59.73438;  3070;  863;  371
2013-06-01;  5308;  2444;  3166;  35.29688;  1554;  495;  304
2013-06-02;  5312;  2633;  3077;  32.53125;  1879;  312;  352
2013-06-03;  5312;  5058;  6097;  1.085156;  3845;  588;  550
2013-06-04;  5313;  5341;  5701;  1.091406;  3734;  796;  713
2013-06-05;  5315;  5354;  5659;  1.121615;  4154;  571;  534
2013-06-06;  5328;  5207;  5872;  1.104167;  3589;  837;  681
2013-06-07;  5329;  4786;  6215;  1.314062;  3220;  884;  594
2013-06-08;  5334;  2556;  3520;  1.633594;  1707;  496;  269
2013-06-09;  5334;  2653;  3703;  44.85938;  1953;  306;  307
2013-06-10;  5336;  5282;  5924;  1.205208;  3812;  832;  560
2013-06-11;  5336;  5247;  4900;  55.42188;  3700;  856;  626
2013-06-12;  5338;  5309;  6030;  1.125521;  3977;  738;  492
2013-06-13;  5344;  5217;  6147;  1.298958;  3445;  945;  750
2013-06-14;  5347;  4717;  4593;  52.73438;  3487;  670;  467
2013-06-15;  5350;  2373;  3111;  34.34375;  1468;  482;  339
2013-06-16;  5351;  2415;  2525;  29.90625;  1347;  656;  330
2013-06-17;  5352;  5117;  4276;  51.28125;  3532;  820;  686
2013-06-18;  5357;  5359;  7342;  1.626562;  3878;  812;  574
2013-06-19;  5358;  5192;  5219;  59.89062;  3431;  799;  875
2013-06-20;  5366;  5101;  7569;  1.383854;  3246;  1239;  526
2013-06-21;  5366;  4445;  5065;  54.96875;  3173;  673;  511
2013-06-22;  5371;  2161;  2461;  27.0625;  1408;  263;  417
2013-06-23;  5373;  2325;  2372;  26.45312;  1531;  303;  385
2013-06-24;  5374;  4918;  5452;  1.05026;  3587;  720;  510
2013-06-25;  5376;  5372;  5554;  1.009896;  3948;  737;  600
2013-06-26;  5383;  5298;  4549;  51.34375;  3764;  775;  655
2013-06-27;  5391;  5122;  5251;  58.15625;  3212;  1195;  597
2013-06-28;  5395;  4408;  6502;  1.210677;  3047;  750;  519
2013-06-29;  5395;  2116;  3133;  35.26562;  1463;  317;  240
2013-06-30;  5397;  2099;  2656;  30.34375;  1532;  213;  268
2013-07-01;  5398;  4757;  4787;  52.8125;  3338;  769;  545
2013-07-02;  5398;  5217;  5156;  56.25;  3680;  787;  632
2013-07-03;  5402;  5178;  5580;  1.059375;  3077;  1304;  669
2013-07-04;  5403;  4063;  3693;  36.75;  2787;  614;  546
2013-07-05;  5404;  4081;  3564;  36.6875;  2824;  562;  563
2013-07-06;  5407;  2016;  2456;  26.48438;  1336;  287;  315
2013-07-07;  5413;  2132;  3385;  37.76562;  1427;  441;  160
2013-07-08;  5414;  4946;  4575;  48.59375;  3348;  799;  698
2013-07-09;  5414;  5446;  6684;  1.232552;  4072;  618;  627
2013-07-10;  5417;  5146;  6583;  1.221875;  3616;  531;  897
2013-07-11;  5423;  5184;  5293;  1.001302;  3421;  893;  742
2013-07-12;  5423;  4470;  5753;  1.070312;  3220;  548;  559
2013-07-13;  5427;  2109;  2426;  27.15625;  1343;  299;  364
2013-07-14;  5427;  2162;  2001;  19.96875;  1386;  388;  291
2013-07-15;  5432;  4948;  5743;  1.111198;  3575;  649;  608
2013-07-16;  5432;  5169;  9302;  1.742708;  3957;  615;  492
2013-07-17;  5439;  5050;  5244;  55.45312;  3543;  864;  539
2013-07-18;  5439;  4871;  4801;  49.5625;  3380;  793;  607
2013-07-19;  5445;  4433;  7327;  1.351042;  3203;  671;  355
2013-07-20;  5446;  2067;  3591;  39;  1592;  222;  156
2013-07-21;  5447;  2123;  2199;  22.42188;  1350;  335;  349
2013-07-22;  5449;  4874;  5589;  1.029688;  3705;  550;  506
2013-07-23;  5450;  5229;  5805;  1.050781;  3503;  704;  928
2013-07-24;  5459;  5049;  7064;  1.358854;  3786;  694;  459
2013-07-25;  5465;  4811;  5984;  1.059635;  2742;  1384;  595
2013-07-26;  5466;  4297;  6023;  1.095573;  2693;  1051;  412
2013-07-27;  5466;  2190;  4895;  57.34375;  1728;  160;  184
2013-07-28;  5472;  2200;  2624;  30.29688;  1305;  647;  145
2013-07-29;  5478;  4851;  4502;  52.73438;  2891;  1250;  600
2013-07-30;  5478;  5151;  4918;  56.07812;  3052;  1246;  572
2013-07-31;  5481;  5048;  7652;  1.51276;  3646;  988;  313
2013-08-01;  5485;  4870;  4637;  52.34375;  3287;  770;  708
2013-08-02;  5489;  4185;  5963;  1.139844;  3093;  577;  407
2013-08-03;  5494;  2103;  3124;  35.73438;  1231;  506;  266
2013-08-04;  5494;  2062;  1913;  20.51562;  1219;  376;  366
2013-08-05;  5496;  4590;  3961;  43.1875;  3074;  793;  615
2013-08-06;  5497;  4878;  5927;  1.148698;  3778;  568;  400
2013-08-07;  5498;  4929;  6675;  1.27526;  3080;  476;  1260
2013-08-08;  5500;  4625;  10016;  1.947656;  3483;  540;  485
2013-08-09;  5505;  4204;  4573;  58.53125;  2636;  878;  567
2013-08-10;  5511;  2052;  2113;  24.32812;  1444;  221;  266
2013-08-11;  5514;  2209;  2496;  27.96875;  1502;  282;  309
2013-08-12;  5519;  4734;  7286;  1.465104;  3639;  629;  368
2013-08-13;  5522;  4993;  15686;  2.952344;  3190;  802;  879
2013-08-14;  5524;  4764;  5967;  1.051302;  3342;  783;  518
2013-08-15;  5530;  4503;  5512;  1.014844;  2460;  1154;  731
2013-08-16;  5530;  4016;  8712;  1.535156;  2723;  633;  565
2013-08-17;  5533;  2057;  2857;  32.14062;  1219;  393;  336
2013-08-18;  5536;  2161;  1691;  17.89062;  1396;  335;  332
2013-08-19;  5536;  4682;  4027;  40.98438;  3037;  812;  702
2013-08-20;  5536;  5014;  5523;  1.017708;  3616;  633;  613
2013-08-21;  5537;  4991;  4794;  50.67188;  2868;  907;  1125
2013-08-22;  5543;  5086;  5433;  55.78125;  3514;  827;  623
2013-08-23;  5546;  4484;  4450;  45.96875;  3152;  577;  638
2013-08-24;  5549;  2284;  1901;  18.0625;  1209;  350;  599
2013-08-25;  5555;  2231;  2569;  26.70312;  1452;  283;  408
2013-08-26;  5556;  4811;  6123;  1.095052;  3229;  793;  698
2013-08-27;  5558;  5443;  8760;  1.551042;  4179;  602;  547
2013-08-28;  5561;  5407;  5315;  56.28125;  3595;  752;  945
2013-08-29;  5568;  5571;  6009;  1.099479;  3909;  616;  919
2013-08-30;  5581;  4638;  5898;  1.054167;  2988;  890;  669
2013-08-31;  5583;  2207;  2366;  26.09375;  1239;  539;  336
2013-09-01;  5585;  2483;  5747;  1.270573;  1582;  483;  304
2013-09-02;  5586;  4310;  13240;  2.632292;  3781;  259;  139
2013-09-03;  5588;  5995;  7741;  1.452344;  4370;  822;  635
2013-09-04;  5591;  6099;  7696;  1.489323;  4358;  787;  793
2013-09-05;  5595;  6330;  7138;  1.281771;  4727;  639;  838
2013-09-06;  5598;  5205;  5604;  1.029427;  3536;  767;  777
2013-09-07;  5599;  2505;  3417;  38.64062;  1827;  252;  306
2013-09-08;  5599;  2930;  3845;  48.15625;  2119;  335;  356
2013-09-09;  5603;  5970;  9412;  1.928906;  3759;  1161;  923
2013-09-10;  5603;  6475;  6644;  1.220833;  4326;  1174;  863
2013-09-11;  5605;  6612;  6755;  1.245573;  4463;  751;  1206
2013-09-12;  5611;  7516;  8555;  1.653385;  5047;  976;  1339
2013-09-13;  5615;  5744;  7712;  1.598698;  4358;  649;  585
2013-09-14;  5624;  2854;  3895;  47.96875;  1614;  787;  296
2013-09-15;  5624;  3282;  2911;  31.78125;  2089;  495;  552
2013-09-16;  5624;  6595;  7795;  1.409115;  4508;  663;  1260
2013-09-17;  5626;  7209;  7023;  1.247396;  4860;  901;  1277
2013-09-18;  5632;  6736;  7451;  1.354688;  4725;  785;  1063
2013-09-19;  5636;  6780;  7742;  1.403125;  4426;  929;  1291
2013-09-20;  5636;  5865;  8595;  1.572917;  4608;  479;  665
2013-09-21;  5636;  3116;  4214;  46.4375;  2374;  324;  289
2013-09-22;  5638;  3984;  3520;  38.15625;  2560;  437;  728
2013-09-23;  5640;  7405;  14155;  3.171354;  5444;  799;  927
2013-09-24;  5640;  7798;  9069;  1.775;  5955;  703;  993
2013-09-25;  5648;  7842;  7006;  1.280208;  5249;  1173;  1242
2013-09-26;  5654;  7726;  8104;  1.51875;  5358;  1001;  1189
2013-09-27;  5657;  7008;  9880;  1.884375;  4657;  1059;  1160
2013-09-28;  5657;  3862;  5351;  1.005208;  2645;  639;  438
2013-09-29;  5658;  4759;  5910;  1.105729;  3548;  459;  610
2013-09-30;  5658;  8111;  10841;  2.054948;  6020;  725;  1217
2013-10-01;  5660;  8360;  8030;  1.471354;  6012;  835;  1358
2013-10-02;  5667;  8367;  7893;  1.44349;  5848;  1184;  1172
2013-10-03;  5667;  8379;  7194;  1.328646;  6094;  861;  1278
2013-10-04;  5672;  7213;  6179;  1.133594;  5031;  904;  1128
2013-10-05;  5673;  4116;  4376;  48.89062;  2425;  556;  985
2013-10-06;  5675;  4470;  4024;  43.90625;  2925;  624;  700
2013-10-07;  5679;  8375;  8158;  1.515365;  6116;  931;  1162
2013-10-08;  5682;  9116;  11255;  2.165625;  6927;  868;  1135
2013-10-09;  5686;  9168;  9253;  1.692708;  6370;  1512;  1089
2013-10-10;  5691;  9253;  8653;  1.563542;  6104;  1755;  1257
2013-10-11;  5693;  8289;  8744;  1.611979;  6139;  927;  1072
2013-10-12;  5701;  5111;  4232;  45.34375;  3087;  997;  881
2013-10-13;  5708;  5557;  5551;  1.0625;  3557;  783;  1071
2013-10-14;  5713;  9110;  7820;  1.438021;  6448;  1169;  1334
2013-10-15;  5715;  9489;  9553;  1.792448;  6742;  1329;  1259
2013-10-16;  5715;  9132;  8034;  1.494531;  6599;  1136;  1190
2013-10-17;  5720;  8924;  8732;  1.599219;  6680;  920;  1117
2013-10-18;  5725;  7986;  8764;  1.63724;  4473;  1963;  1344
2013-10-19;  5727;  4206;  4816;  54.84375;  2670;  739;  622
2013-10-20;  5731;  4917;  5824;  1.088021;  2995;  855;  859
2013-10-21;  5735;  8987;  9773;  1.805208;  6238;  1309;  1254
2013-10-22;  5740;  9391;  10443;  1.967448;  6069;  1565;  1570
2013-10-23;  5745;  9008;  8308;  1.530469;  6251;  1365;  1258
2013-10-24;  5749;  9077;  7259;  1.24375;  5703;  1702;  1503
2013-10-25;  5752;  7766;  7525;  1.376562;  4619;  1562;  1410
2013-10-26;  5752;  4228;  4237;  47;  2596;  774;  709
2013-10-27;  5756;  5202;  5994;  1.178125;  3547;  698;  810
2013-10-28;  5758;  9059;  8619;  1.56849;  5659;  1287;  1991
2013-10-29;  5759;  9484;  9537;  1.795052;  6640;  1393;  1311
2013-10-30;  5761;  9703;  8135;  1.509375;  6611;  1459;  1469
2013-10-31;  5769;  9301;  8551;  1.597656;  5961;  1505;  1679
2013-11-01;  5771;  7358;  7224;  1.333073;  5197;  997;  996
2013-11-02;  5775;  4110;  3589;  39.34375;  2228;  740;  1001
2013-11-03;  5776;  5333;  4221;  43.89062;  3008;  1027;  1116
2013-11-04;  5777;  9496;  8249;  1.529427;  6374;  1622;  1315
2013-11-05;  5780;  10421;  10731;  1.998438;  7064;  1740;  1435
2013-11-06;  5785;  10307;  10857;  2.063021;  7018;  1635;  1434
2013-11-07;  5790;  10040;  10954;  2.076823;  6659;  1820;  1410
2013-11-08;  5790;  8597;  7951;  1.479688;  5896;  1301;  1242
2013-11-09;  5794;  4815;  5432;  1.02474;  3034;  840;  817
2013-11-10;  5795;  5650;  8173;  1.633594;  4309;  600;  610
2013-11-11;  5795;  9992;  7714;  1.485937;  6621;  1415;  1819
2013-11-12;  5800;  11037;  9598;  1.8375;  7744;  1548;  1611
2013-11-13;  5802;  10777;  10508;  1.990365;  7490;  1760;  1361
2013-11-14;  5809;  10424;  10934;  2.238281;  7537;  1302;  1421
2013-11-15;  5813;  8999;  7604;  1.502865;  6247;  1093;  1482
2013-11-16;  5815;  5439;  6237;  1.453646;  3753;  703;  808
2013-11-17;  5818;  6496;  5521;  1.091667;  3839;  989;  1517
2013-11-18;  5822;  10344;  11210;  2.277865;  6906;  1502;  1789
2013-11-19;  5824;  10684;  10841;  2.161719;  7761;  1320;  1447
2013-11-20;  5826;  10525;  9434;  1.836719;  6649;  1333;  2358
2013-11-21;  5827;  10349;  8225;  1.596354;  7054;  1557;  1541
2013-11-22;  5829;  8969;  8589;  1.715625;  5400;  2088;  1308
2013-11-23;  5831;  4862;  4856;  58;  3482;  595;  635
2013-11-24;  5832;  5126;  5703;  1.142708;  3692;  588;  729
2013-11-25;  5835;  10047;  9028;  1.78099;  6901;  1541;  1454
2013-11-26;  5841;  10284;  9186;  1.797135;  6920;  1647;  1582
2013-11-27;  5844;  8882;  9214;  1.845573;  5985;  1559;  1195
2013-11-28;  5850;  7558;  7281;  1.427865;  5188;  1304;  939
2013-11-29;  5854;  6919;  6065;  1.233333;  4223;  1538;  1026
2013-11-30;  5859;  4916;  5155;  1.047135;  2859;  776;  1136
2013-12-01;  5860;  5757;  5357;  1.116927;  3465;  819;  1351
2013-12-02;  5861;  10329;  9448;  1.947656;  7195;  1570;  1358
2013-12-03;  5863;  10475;  9731;  1.972917;  7115;  1804;  1401
2013-12-04;  5869;  10769;  14381;  2.940365;  6681;  2315;  1590
2013-12-05;  5873;  10262;  9506;  1.897656;  6702;  1886;  1483
2013-12-06;  5876;  8852;  7439;  1.427083;  5336;  2129;  1217
2013-12-07;  5879;  5300;  4980;  59.29688;  3147;  1284;  732
2013-12-08;  5881;  5969;  4868;  56;  3932;  706;  1200
2013-12-09;  5882;  9848;  9726;  1.915885;  7135;  1329;  1227
2013-12-10;  5885;  9908;  9174;  1.814323;  7135;  1244;  1357
2013-12-11;  5890;  9455;  9826;  1.984635;  6386;  1733;  1211
2013-12-12;  5895;  8972;  6853;  1.302344;  6078;  1398;  1318
2013-12-13;  5898;  7801;  10222;  2.049219;  5188;  813;  1654
2013-12-14;  5902;  4507;  6561;  1.326302;  2804;  669;  884
2013-12-15;  5903;  4727;  3593;  41.6875;  3041;  718;  838
2013-12-16;  5905;  8437;  7872;  1.541406;  5693;  1623;  960
2013-12-17;  5910;  8023;  8118;  1.5875;  5596;  1281;  1010
2013-12-18;  5913;  7642;  6851;  1.330469;  5355;  1242;  886
2013-12-19;  5915;  7422;  7332;  1.439062;  4917;  1420;  666
2013-12-20;  5919;  6073;  7255;  1.454948;  3919;  782;  1188
2013-12-21;  5923;  3014;  3094;  35.9375;  1803;  438;  650
2013-12-22;  5924;  710;  1531;  2.707292;  480;  75;  82
2014-01-01;  5924;  5;  585;  9.3125;  0;  5;  0
2014-01-02;  5939;  5112;  4131;  1.077604;  3233;  983;  773
2014-01-03;  5951;  5013;  4846;  1.138021;  3389;  864;  627
2014-01-04;  5954;  3330;  3442;  46.28125;  1778;  559;  856
2014-01-05;  5957;  3332;  3523;  45.46875;  2147;  563;  501
2014-01-06;  5959;  6387;  6969;  2.026823;  4708;  789;  739
2014-01-07;  5963;  7105;  12287;  2.922135;  3099;  1655;  2195
2014-01-08;  5967;  7723;  8226;  1.863021;  4830;  1258;  1424
2014-01-09;  5976;  7922;  20004;  5.086198;  4476;  745;  2522
2014-01-10;  5986;  7237;  14903;  3.420573;  5406;  638;  991
2014-01-11;  5987;  3884;  5508;  1.230208;  2337;  944;  415
2014-01-12;  5987;  4205;  5538;  1.209896;  2920;  639;  507
2014-01-13;  5989;  8260;  8805;  2.01875;  5698;  1119;  1259
2014-01-14;  5993;  8925;  21810;  5.364844;  6751;  966;  1061
2014-01-15;  6000;  8871;  12524;  2.861979;  5852;  1006;  1855
2014-01-16;  6003;  9159;  12160;  2.830208;  6108;  1322;  1564
2014-01-17;  6012;  7806;  6329;  1.305469;  4968;  1512;  1188
2014-01-18;  6015;  4250;  4752;  1.028385;  2514;  744;  868
2014-01-19;  6016;  4596;  4599;  59.95312;  3097;  740;  644
2014-01-20;  6020;  8507;  7703;  1.71901;  5496;  1459;  1431
2014-01-21;  6024;  9465;  9388;  1.989062;  6602;  1275;  1428
2014-01-22;  6027;  9937;  9132;  1.938021;  6389;  1338;  2031
2014-01-23;  6034;  10313;  10215;  1.978125;  7081;  1490;  1557
2014-01-24;  6035;  9149;  9062;  1.820573;  6094;  1274;  1623
2014-01-25;  6040;  5290;  5062;  1.023958;  3179;  943;  1023
2014-01-26;  6043;  5915;  5236;  1.057292;  3390;  1222;  1170
2014-01-27;  6045;  10559;  10018;  2.056771;  6867;  1450;  2109
2014-01-28;  6053;  10833;  11214;  2.336979;  6502;  1891;  2294
2014-01-29;  6054;  10862;  10039;  2.06849;  7148;  1387;  2184
2014-01-30;  6055;  10220;  10389;  2.180469;  6814;  1323;  1936
2014-01-31;  6061;  8599;  7504;  1.526563;  5665;  1292;  1479
2014-02-01;  6062;  4801;  5095;  1.074479;  3116;  689;  845
2014-02-02;  6065;  5089;  6049;  1.276042;  3341;  810;  764
2014-02-03;  6068;  9891;  11254;  2.333073;  5969;  1402;  2380
2014-02-04;  6072;  10871;  13271;  2.805469;  7194;  1670;  1855
2014-02-05;  6073;  10647;  10316;  2.134115;  6910;  1783;  1775
2014-02-06;  6076;  10458;  11085;  2.315885;  7220;  1381;  1697
2014-02-07;  6081;  9281;  8519;  1.740625;  5989;  1429;  1707
2014-02-08;  6084;  4992;  5963;  1.220312;  2360;  960;  1528
2014-02-09;  6087;  5365;  6357;  1.324219;  3052;  1138;  1030
2014-02-10;  6091;  10404;  9589;  1.958594;  6710;  1758;  1805
2014-02-11;  6095;  10912;  11710;  2.457813;  7054;  1961;  1756
2014-02-12;  6102;  11075;  9288;  1.884375;  7109;  1844;  1966
2014-02-13;  6105;  10569;  10500;  2.207031;  7056;  1442;  1894
2014-02-14;  6105;  9182;  21768;  4.788542;  6286;  1122;  1570
2014-02-15;  6108;  5047;  5447;  1.104167;  3113;  710;  1054
2014-02-16;  6109;  5328;  6241;  1.260417;  2818;  833;  1535
2014-02-17;  6115;  10043;  11171;  2.286979;  6954;  1292;  1648
2014-02-18;  6122;  11432;  10563;  2.123177;  7960;  1432;  1876
2014-02-19;  6124;  11367;  10668;  2.141146;  7789;  1281;  1925
2014-02-20;  6127;  11291;  11726;  2.38099;  7837;  1554;  1686
2014-02-21;  6131;  10002;  12609;  2.700781;  7521;  1223;  1033
2014-02-22;  6135;  5500;  6870;  1.490365;  3614;  924;  775
2014-02-23;  6136;  5877;  6404;  1.321354;  3106;  1699;  895
2014-02-24;  6140;  11389;  9856;  1.976042;  7923;  1564;  1742
2014-02-25;  6144;  11827;  10744;  2.144271;  8236;  1733;  1701
2014-02-26;  6149;  11445;  13713;  2.870052;  7732;  1721;  1741
2014-02-27;  6153;  11538;  11513;  2.34349;  7494;  1429;  2397
2014-02-28;  6159;  9967;  9689;  1.940625;  6913;  1346;  1489
2014-03-01;  6161;  5483;  6268;  1.285937;  3454;  679;  1162
2014-03-02;  6165;  6078;  6402;  1.30026;  4049;  855;  1018
2014-03-03;  6170;  11473;  13206;  2.884635;  7655;  1687;  1977
2014-03-04;  6174;  11842;  16138;  3.832031;  8056;  1719;  1868
2014-03-05;  6181;  11891;  12834;  2.655729;  7105;  2202;  2373
2014-03-06;  6185;  11707;  12128;  2.51224;  7628;  1920;  1948
2014-03-07;  6192;  10188;  12506;  2.603125;  6765;  1802;  1428
2014-03-08;  6196;  5526;  7756;  1.650521;  4014;  700;  660
2014-03-09;  6197;  6327;  6835;  1.402865;  4196;  1089;  881
2014-03-10;  6200;  11666;  16040;  3.647135;  7624;  1970;  1890
2014-03-11;  6205;  12356;  14173;  3.0375;  8723;  1505;  1920
2014-03-12;  6210;  12042;  12303;  2.50651;  8093;  2038;  1725
2014-03-13;  6214;  12054;  10927;  2.196875;  8034;  1958;  1850
2014-03-14;  6217;  10505;  9813;  1.966406;  7034;  1553;  1749
2014-03-15;  6218;  5737;  8156;  1.827604;  3530;  1062;  945
2014-03-16;  6222;  6285;  5608;  1.13151;  4054;  1055;  1003
2014-03-17;  6223;  11732;  11711;  2.452865;  7966;  1903;  1641
2014-03-18;  6230;  12251;  12375;  2.536719;  8505;  1836;  1710
2014-03-19;  6231;  12211;  11572;  2.370833;  8474;  1768;  1707
2014-03-20;  6242;  11966;  12352;  2.641406;  7449;  2530;  1783
2014-03-21;  6244;  10604;  13268;  2.913021;  7769;  1347;  1257
2014-03-22;  6245;  6088;  7409;  1.578906;  4296;  845;  686
2014-03-23;  6246;  6473;  5410;  1.055469;  3779;  1286;  1226
2014-03-24;  6250;  12132;  13177;  2.751562;  8289;  2204;  1442
2014-03-25;  6257;  12808;  22789;  5.014583;  10133;  1348;  1127
2014-03-26;  6258;  12791;  12944;  2.683594;  9162;  1679;  1732
2014-03-27;  6261;  12555;  13086;  2.722396;  9012;  1445;  1862
2014-03-28;  6266;  11357;  10657;  2.168229;  7799;  1400;  1932
2014-03-29;  6272;  6131;  7102;  1.46849;  3830;  834;  1273
2014-03-30;  6274;  7163;  10872;  2.320052;  4641;  1406;  876
2014-03-31;  6274;  12716;  12066;  2.488021;  8250;  2081;  2140
2014-04-01;  6289;  13292;  14617;  3.027083;  9333;  1963;  1741
2014-04-02;  6289;  13027;  12997;  2.647135;  8810;  2028;  1975
2014-04-03;  6302;  13405;  10886;  2.116146;  8511;  2172;  2519
2014-04-04;  6310;  11993;  11208;  2.328385;  7752;  1970;  2018
2014-04-05;  6313;  6311;  7944;  1.684896;  3885;  1184;  1032
2014-04-06;  6316;  7335;  6512;  1.353906;  4444;  1058;  1611
2014-04-07;  6320;  14078;  14693;  3.039323;  9382;  1947;  2530
2014-04-08;  6323;  15470;  14998;  3.097656;  9787;  2379;  3030
2014-04-09;  6325;  15274;  18064;  3.84375;  9617;  2660;  2697
2014-04-10;  6329;  15229;  15261;  3.220573;  9467;  2358;  3116
2014-04-11;  6333;  13795;  14960;  3.136458;  8721;  2042;  2763
2014-04-12;  6336;  7923;  13787;  2.98099;  5844;  843;  1045
2014-04-13;  6338;  9549;  12619;  2.68099;  6288;  1177;  1827
2014-04-14;  6350;  15485;  22097;  4.720313;  10610;  2497;  2137
2014-04-15;  6354;  15790;  20451;  4.35026;  10131;  2595;  2793
2014-04-16;  6355;  14557;  16396;  3.482552;  9394;  2630;  2318
2014-04-17;  6356;  13760;  14861;  3.083073;  8066;  2221;  3194
2014-04-18;  6361;  11265;  13728;  2.932552;  6771;  1925;  2355
2014-04-19;  6363;  7774;  10710;  2.328646;  5156;  1398;  1023
2014-04-20;  6365;  8845;  9415;  1.972656;  5085;  2099;  1493
2014-04-21;  6366;  11870;  13699;  2.911198;  7807;  2162;  1727
2014-04-22;  6368;  14612;  15427;  3.2625;  10076;  2177;  2129
2014-04-23;  6376;  14309;  15862;  3.386198;  9212;  2256;  2590
2014-04-24;  6378;  14386;  17434;  3.774479;  9993;  1901;  2239
2014-04-25;  6382;  12114;  14641;  3.1875;  7811;  2097;  1945
2014-04-26;  6383;  7076;  9060;  1.950521;  3790;  1544;  1546
2014-04-27;  6384;  8180;  16213;  3.522135;  3868;  1067;  3033
2014-04-28;  6388;  13635;  14841;  3.136458;  8374;  2281;  2708
2014-04-29;  6394;  14125;  14419;  3.011458;  8362;  2907;  2634
2014-04-30;  6397;  13137;  13577;  2.869271;  8393;  2489;  2048
2014-05-01;  6404;  10747;  11166;  2.366667;  6070;  2210;  2278
2014-05-02;  6409;  11071;  10927;  2.246354;  7047;  1766;  2060
2014-05-03;  6415;  6751;  8082;  1.758073;  4807;  839;  919
2014-05-04;  6416;  7469;  6502;  1.392448;  4207;  1039;  2053
2014-05-05;  6418;  13601;  13765;  2.91875;  9184;  2045;  2103
2014-05-06;  6420;  14714;  16261;  3.47474;  9679;  1896;  2904
2014-05-07;  6425;  14722;  14396;  3.022656;  9008;  2742;  2698
2014-05-08;  6429;  14229;  15247;  3.314583;  9699;  1606;  2681
